0,273
0,270
27,1
27,3
3,2
3,1
3,3
10,297
10,5
10,29
10,25
10,137
10,121
10,1
10,103
10,2
10,3
11,13
11,27
11,15
11,23
11,1
11,25
11,2
11,3
9,7
9,1
9,5
9,2
9,3
8,14
8,8
8,7
8,18
8,13
8,1
8,12
8,2
8,3
12,2
12,1
12,3
20,2
20,1
20,3
19,2
19,1
19,3
18,1
18,3
47,3
47,2
47,0
46,5
46,4
46,3
46,2
2,2
2,1
2,3
46,1
46,0
43,5
43,4
43,3
43,2
43,1
43,0
41,5
41,4
41,3
41,2
41,1
41,0
37,4
37,3
37,2
37,1
37,0
32,1
32,5
0,472
47,1
47,4
13,1
13,3
14,1
14,3
0,0
0,9
53,34
53,33
53,32
53,31
53,30
53,29
53,28
53,27
53,26
53,25
